1584871619
1584871610
1584871585
1584871617
1584872048
1584871615
1584872043
1584872028
1584871777
1584871607
1584871904
1584871610
1584871481
1584871598
1584871909
1584871563
1584871622
1584871600
1584871644
1584872027
1584871911
1584871925
1584871618
1584871707
1584871836
1584871896
1584871610
1584871742
1584871732
1584871619
1584871715
1584871626
1584871615
1584871747
1584872025
1584871531
1584871603
1584871814
1584871629
1584871612
1584871662
1584871964
1584871902
1584872024
1584871985
1584871450
1584871565
1584871742
1584871732
1584871605
1584871608
1584871675
1584871609
1584871617
1584871897
1584871554
1584871958
1584871618
1584871855
1584871603
1584871612
1584871619
1584871614
1584871488
1584871609
1584871615
1584871599
1584871620
1584871620
1584871796
1584871872
1584871873
1584871875
1584871601
1584871941
1584871607
1584871701
1584871611
1584871609
1584871456
1584871808
1584871737
1584871605
1584871607
1584871609
1584871615
1584871618
1584871865
1584871677
1584871608
1584871796
1584871584
1584872015
1584871613
1584871591
1584871832
1584871602
1584871837
1584871639
1584871716
1584871966
1584871590
1584871608
1584871615
1584871666
1584871638
1584871604
1584871613
1584871613
1584871865
1584871611
1584871600
1584871619
1584871478
1584871461
1584871601
1584871611
1584871617
1584871676
1584871605
1584871754
1584871712
1584871836
1584871985
1584871952
1584871883
1584871614
1584871613
1584871614
1584871980
1584871669
1584871755
1584871791
1584871606
1584871610
1584871611
1584871661
1584871570
1584871771
1584871635
1584871612
1584871619
1584871615
1584871597
1584871612
1584871615
1584871898
1584871670
1584871620
1584871611
1584871610
1584871886
1584871619
1584871615
1584871977
1584871711
1584872007
1584871521
1584871705
1584871702
1584871951
1584871550
1584871614
1584871906
1584872014
1584871946
1584871460
1584871869
1584871696
1584871611
1584871610
1584871604
1584871605
1584871915
1584871553
1584871599
1584872043
1584871619
1584871526
1584872014
1584871937
1584871607
1584871534
1584871619
1584871616
1584871810
1584871616
1584872021
1584871783
1584871823
1584871620
1584871643
1584871870
1584871612
1584871616
1584871483
1584871805
1584871837
1584871603
1584871664
1584871618
1584871566
1584871489
1584871961
1584871782
1584871552
1584871597
1584871914
1584871619
1584871606
1584871529
1584871614
1584871602
1584871803
1584871526
1584871585
1584871636
1584871619
1584871946
1584871617
1584871840
1584872036
1584871614
1584871952
1584871606
1584871496
1584871592
1584871464
1584871617
1584871991
1584871594
1584871639
1584871593
1584871560
1584871879
1584871618
1584871619
1584871615
1584871609
1584871619
1584871828
1584871706
1584871609
1584871777
1584871869
1584871607
1584871868
1584872010
1584871526
1584871618
1584871601
1584871612
1584871600
1584871619
1584871787
1584872036
1584871607
1584871573
1584872030
1584871497
1584871612
1584871616
1584871487
1584871998
1584871503
1584871786
1584871555
1584871603
1584871607
1584871615
1584871609
1584871553
1584871604
1584871611
1584871613
1584871612
1584871735
1584871614
1584871605
1584871606
1584871618
1584871616
1584871833
1584871952
1584872044
1584871546
1584871615
1584871718
1584871616
1584871600
1584871820
1584871611
1584871616
1584871477
1584871887
1584871559
1584871616
1584871989
1584871618
1584871614
1584871912
1584871882
1584871610
1584871611
1584871613
1584871619
1584871959
1584871928
1584871619
1584871616
1584871620
1584871605
1584871724
1584871828
1584871615
1584871729
1584871610
1584871936
1584871617
1584872053
1584871821
1584871780
1584871908
1584871903
1584871618
1584871619
1584872033
1584871476
1584871615
1584871578
1584871721
1584871562
1584872020
1584871602
1584871745
1584871885
1584871611
1584871598
1584871785
1584871658
1584871604
1584871616
1584871621
1584871923
1584871824
1584871825
1584871806
1584871643
1584871613
1584871659
1584871873
1584872029
1584871538
1584871612
1584871611
1584871735
1584871613
1584871610
1584871875
1584871457
1584871666
1584871606
1584871605
1584871811
1584871606
1584871618
1584871600
1584871615
1584871559
1584871649
1584871606
1584871601
1584871613
1584871613
1584871620
1584872042
1584871511
1584871952
1584871524
1584871619
1584871613
1584871917
1584871643
1584871612
1584871601
1584871986
1584871872
1584871614
1584871751
1584871886
1584871614
1584871627
1584871602
1584871617
1584871609
1584871947
1584837009
1584837009
1584837009
1584837009
1584837009
1584871615
1584871609
1584871824
1584871617
1584871615
1584871617
1584871607
1584871535
1584871801
1584871586
1584871517
1584871573
1584872019
1584871616
1584871728
1584871555
1584871534
1584837009
1584837009
1584871668
1584868455
1584868408
1584867912
1584868005
1584868484
1584867976
1584868001
1584868385
1584868013
1584868297
1584868307
1584868011
1584867965
1584868240
1584868408
1584868016
1584868012
1584868459
1584868413
1584868002
1584868227
1584868161
1584868230
1584868307
1584867999
1584868351
1584868005
1584868353
1584868012
1584868249
1584867981
1584868006
1584868002
1584868320
1584868323
1584868370
1584868079
1584868191
1584868363
1584868283
1584868216
1584867927
1584868430
1584868144
1584867973
1584868280
1584868368
1584868332
1584868084
1584868275
1584868227
1584868276
1584868242
1584868359
1584867943
1584868148
1584868451
1584868117
1584868171
1584868462
1584867968
1584868346
1584868477
1584868220
1584868335
1584868059
1584868010
1584868081
1584868204
1584868119
1584850077
1584868303
1584868289
1584868069
1584868000
1584868185
1584868298
1584868116
1584868264
1584868239
1584868324
1584868425
1584868430
1584868260
1584868489
1584868188
1584868062
1584868024
1584867919
1584867968
1584868186
1584868086
1584868361
1584868452
1584868477
1584868030
1584867986
1584868480
1584868417
1584868216
1584868449
1584868283
1584868075
1584868325
1584868373
1584868046
1584868097
1584868349
1584868470
1584868054
1584868191
1584868436
1584868180
1584868509
1584868511
1584867931
1584868433
1584868181
1584867918
1584868043
1584868100
1584868308
1584868453
1584868195
1584868044
1584868008
1584868375
1584868399
1584867995
1584868097
1584868273
1584868182
1584867995
1584868200
1584868232
1584868324
1584868307
1584868248
1584868100
1584868020
1584867949
1584868288
1584868427
1584868296
1584868063
1584868061
1584868035
1584868339
1584868373
1584868419
1584868405
1584868457
1584868135
1584868501
1584868137
1584867923
1584868453
1584868237
1584868320
1584868303
1584868243
1584868034
1584868416
1584868218
1584867996
1584868409
1584868210
1584867972
1584867983
1584867998
1584867969
1584868025
1584867912
1584868153
1584868342
1584868124
1584868254
1584868185
1584868070
1584868497
1584868371
1584868053
1584868152
1584868063
1584868286
1584868472
1584868307
1584868507
1584868133
1584868228
1584868386
1584868507
1584868198
1584867947
1584868086
1584867958
1584868012
1584868129
1584867959
1584867976
1584868217
1584868123
1584868245
1584868475
1584868147
1584868211
1584868352
1584868008
1584868408
1584868413
1584868201
1584868127
1584868332
1584868471
1584867914
1584868432
1584868510
1584868474
1584868009
1584868280
1584868011
1584868513
1584868223
1584868180
1584868259
1584867996
1584867947
1584868018
1584868014
1584868016
1584868005
1584868015
1584868020
1584868407
1584868010
1584868487
1584868000
1584868382
1584868020
1584868001
1584868013
1584868012
1584868012
1584868000
1584868205
1584868003
1584868019
1584868008
1584868013
1584868060
1584868010
1584868012
1584868009
1584868009
1584868014
1584868001
1584868474
1584868004
1584868021
1584868008
1584868095
1584868016
1584867940
1584868017
1584868002
1584868018
1584868009
1584868003
1584868304
1584868163
1584868012
1584868016
1584868016
1584868010
1584868004
1584867941
1584868018
1584868001
1584868009
1584868001
1584868001
1584868015
1584868245
1584868083
1584867999
1584868265
1584868467
1584868015
1584868270
1584868044
1584868084
1584868016
1584868082
1584868013
1584867947
1584868015
1584868016
1584868011
1584868015
1584867941
1584868003
1584868001
1584868003
1584868241
1584868014
1584868024
1584868016
1584868154
1584868016
1584868014
1584868018
1584868016
1584868002
1584868014
1584867967
1584868038
1584868013
1584868010
1584868016
1584868004
1584867999
1584868134
1584867976
1584868077
1584868112
1584868393
1584868390
1584868330
1584868227
1584868106
1584868106
1584868104
1584868263
1584867990
1584868072
1584868230
1584868502
1584867962
1584868024
1584868178
1584868007
1584868463
1584868061
1584868026
1584868423
1584867959
1584868275
1584868224
1584868235
1584868033
1584868268
1584868346
1584868481
1584868100
1584868294
1584868333
1584868272
1584868149
1584867974
1584867944
1584868393
1584868135
1584868000
1584868068
1584867948
1584868222
1584868093
1584868021
1584868331
1584868175
1584868100
1584868387
1584868194
1584868221
1584868239
1584868089
1584868367
1584868476
1584868060
1584868397
1584868068
1584868107
1584868117
1584868340
1584868372
1584868457
1584868112
1584868166
1584868097
1584868439
1584868222
1584868133
1584868426
1584868149
1584868473
1584868057
1584868406
1584868217
1584868106
1584868102
1584867994
1584868241
1584868289
1584868438
1584868371
1584868289
1584868081
1584868033
1584868291
1584867932
1584868109
1584868238
1584868344
1584868216
1584868267
1584868394
1584867967
1584868138
1584868005
1584867926
1584868146
1584868436
1584868153
1584868120
1584868142
1584868142
1584868124
1584868222
1584868145
1584868373
1584867935
1584868184
1584868210
1584868434
1584868155
1584868135
1584867966
1584868108
1584868074
1584868052
1584868438
1584868050
1584868350
1584868471
1584868216
1584867999
1584868465
1584868506
1584868485
1584868186
1584868114
1584868037
1584867923
1584867965
1584867911
1584868359
1584868141
1584868288
1584868364
1584868195
1584868200
1584867977
1584868506
1584868193
1584868030
1584868228
1584867930
1584868141
1584867970
1584867944
1584868006
1584868354
1584868104
1584868130
1584867976
1584868484
1584868375
1584868143
1584868234
1584867919
1584868152
1584868110
1584868276
1584868064
1584868132
1584868099
1584868034
1584868164
1584868029
1584868108
1584868310
1584868232
1584868508
1584868365
1584868316
1584868489
1584868107
1584868229
1584868059
1584868262
1584868112
1584868222
1584868284
1584868026
1584868263
1584868403
1584867929
1584868066
1584868075
1584868455
1584868424
1584868284
1584868143
1584868399
1584868206
1584868229
1584868130
1584868420
1584868108
1584868067
1584868121
1584867961
1584868270
1584868121
1584868349
1584868398
1584868179
1584868378
1584868153
1584868381
1584868145
1584868180
1584868301
1584868072
1584868174
1584868248
1584867957
1584868134
1584867951
1584868103
1584868183
1584868483
1584868464
1584868171
1584868171
1584867928
1584868003
1584868193
1584868002
1584868191
1584868496
1584868124
1584868294
1584868037
1584868175
1584868457
1584868130
1584868040
1584868323
1584868126
1584868051
1584868261
1584868038
1584867967
1584868286
1584868068
1584868011
1584868304
1584868437
1584868201
1584868383
1584868122
1584868046
1584867916
1584868222
1584868299
1584868028
1584868155
1584868450
1584868402
1584868004
1584868258
1584867929
1584868176
1584867954
1584868156
1584867980
1584868121
1584868195
1584868283
1584868087
1584868266
1584868196
1584868453
1584867980
1584868094
1584868450
1584868388
1584868270
1584868475
1584868331
1584868005
1584868430
1584868266
1584868189
1584868079
1584868139
1584868170
1584868319
1584867987
1584868112
1584868487
1584868481
1584868005
1584868401
1584868381
1584868147
1584868286
1584868177
1584868156
1584868231
1584868146
1584868142
1584868429
1584867957
1584868005
1584868425
1584868020
1584868144
1584867920
1584868099
1584868133
1584868390
1584868390
1584868390
1584868390
1584868390
1584868390
1584868390
1584868390
1584868390
1584868390
1584868390
1584868390
1584868390
1584868390
1584868390
1578389227
1584868390
1584868390
1584868390
1584868390
1584868390
1584868390
1584868390
1584868390
1584868390
1584868390
1584868390
1584868390
1584868390
1584868390
1584868390
1584868390
1584868390
1584868390
1584868390
1584868390
1584868390
1584868390
1584868390
1584868390
1584868390
1584868390
1584868390
1584868390
1584868390
1584868390
1584868390
1584868390
1584868390
1584868390
1584868390
1584868390
1584868390
1584868390
1584868390
1584864776
1584864970
1584864961
1584864966
1584864528
1584864839
1584864888
1584864474
1584864826
1584864848
1584864626
1584864918
1584864963
1556786265
1584864815
1583224717
1584864850
1584864965
1584864933
1584864720
1584864812
1584864831
1584864689
1584864962
1584864742
1584864437
1584864855
1584864852
1584864865
1584864647
1584864613
1584864727
1584864781
1584864909
1584864529
1584864894
1584864840
1584864846
1584864941
1584864382
1584864958
1584864963
1584864965
1584864521
1584864958
1584864938
1584864933
1584864907
1584864765
1584864799
1584864810
1584864761
1584864902
1584864835
1584864732
1584864934
1584864934
1584864924
1584864823
1584864813
1584864918
1584864966
1584864847
1584864827
1584864664
1584864817
1584864484
1584864946
1584864909
1584864497
1584864820
1584864871
1584864829
1584864888
1584864774
1584864630
1584864929
1584864442
1584864921
1584864665
1584864665
1584864871
1584864782
1584864805
1584864472
1584864829
1584864855
1584864869
1584864880
1584864879
1584864845
1584864914
1584864560
1584864765
1584864738
1584864568
1584864968
1584864600
1584864566
1584864745
1584864959
1584864859
1584864416
1584864939
1584864774
1584864897
1584864810
1584864950
1584864835
1584864634
1584864926
1584864965
1570696709
1584864662
1584864909
1584864582
1584864936
1584864744
1584864643
1584864723
1584864930
1584864618
1584864739
1584864820
1584864892
1584864961
1584864825
1584864757
1584864857
1584864539
1584864783
1584864786
1584864965
1584864894
1584864724
1584864880
1584864927
1584864861
1584864496
1584864562
1584864566
1584864773
1584864586
1584864970
1584864883
1584864793
1584864538
1584864585
1584864886
1584864968
1584864837
1584864733
1584864919
1584864939
1584864966
1584864965
1584864860
1584864940
1584864943
1584864846
1584864940
1584864923
1584864525
1584864432
1584864816
1584864759
1584864907
1570697919
1584864900
1584864812
1584864934
1584864457
1584864923
1584864944
1584864699
1584864824
1584864841
1584864740
1584864807
1584864929
1584864497
1584864600
1584864924
1584864929
1584864967
1584864686
1584864803
1584864808
1584864477
1584864958
1584864894
1584864956
1584864692
1584864596
1584864704
1584864618
1584864595
1584864668
1584864851
1584864938
1584864971
1584864588
1584864570
1584864590
1584864774
1584864634
1584864938
1584864948
1584864748
1584864742
1584864836
1584864967
1584864887
1556785000
1584864929
1584864700
1584864516
1584864786
1584864920
1584864875
1584864826
1584864758
1584864382
1584864960
1584864670
1584864875
1584864874
1584864913
1584864739
1584864938
1584864366
1584864828
1584864698
1580808748
1584864893
1569390941
1584864785
1584864585
1584864673
1584864906
1584864931
1584864803
1584864473
1584864924
1584864720
1584864922
1584864577
1584864934
1584864806
1584864566
1584864949
1584864813
1584864866
1584864801
1584864954
1584864957
1584864968
1584864848
1584864927
1570697156
1584864404
1584864702
1584864827
1584864842
1584864726
1584864858
1584864970
1584864717
1584864836
1584864570
1584864675
1584864855
1584864706
1584864958
1584864830
1584864915
1584864505
1584864717
1584864952
1584864402
1584864942
1584864887
1584864901
1584864841
1584864672
1584864668
1584864490
1584864896
1584864750
1584864882
1584864416
1584864725
1584864936
1584864863
1584864948
1584864768
1584864912
1584864946
1584864803
1584864942
1584864852
1584864914
1584864435
1584864948
1584864900
1584864467
1584864672
1584864927
1563966721
1584864706
1584864765
1584864717
1584864438
1584864756
1584864669
1584864530
1584864745
1584864909
1584864927
1584864708
1584864076
1584864470
1584864647
1584864972
1584864637
1584864928
1584864655
1584864767
1584864822
1584864657
1584864378
1584864968
1575075680
1584864946
1584864738
1584864423
1584864851
1584864790
1584864865
1584864764
1584864892
1584864860
1584864781
1584864963
1584864570
1584864555
1584864926
1584864663
1584864751
1584864869
1584864885
1584864793
1584864884
1584864659
1584864755
1583492617
1584864805
1584864765
1584864378
1584864883
1584864865
1584864966
1584864785
1584864696
1584864575
1584864955
1584864762
1584864924
1584864950
1584864754
1584864903
1584864836
1584864757
1584864887
1584864662
1584864452
1584864875
1584864947
1584864605
1584864950
1584864685
1584864390
1584864854
1584864735
1584864560
1584864921
1584864779
1584864929
1584864666
1584864845
1584864913
1584864717
1584864772
1584864463
1584864813
1584864836
1584864965
1584864935
1584864957
1584864774
1584864780
1584864801
1584864833
1584864948
1584864814
1584864731
1584864793
1584864948
1584864944
1584864772
1584864967
1584864753
1584864964
1584864957
1584864888
1584864906
1584864854
1584864663
1584864443
1584864820
1553004389
1584864966
1584864792
1584864882
1584864945
1584864763
1584864883
1584864529
1584864853
1584864869
1584864551
1584864678
1584864847
1584864949
1584864423
1584864498
1584864634
1584849976
1584864784
1584864824
1584864929
1584864805
1584864410
1584864757
1584864897
1584864789
1584864656
1584864909
1584864915
1584864801
1584864596
1584864951
1584864480
1584864862
1584864922
1584864722
1584864565
1584864902
1584864966
1584864510
1584864826
1584864855
1584864507
1584864964
1584864604
1584864853
1584864857
1584864734
1584864972
1584864806
1584864660
1584864546
1584864915
1584864678
1584864795
1584864848
1584864912
1584864850
1584864937
1584864885
1584864969
1584864586
1584864931
1584864959
1584864743
1584864764
1584864774
1584864823
1584864816
1584864377
1584864847
1584864725
1584864729
1584864839
1584864945
1584864929
1584864785
1584864848
1584864972
1584864772
1584864700
1584864882
1584864763
1584864636
1584864808
1584864889
1584864690
1584864929
1584864639
1584864826
1584864495
1584864383
1584864890
1584864486
1584864908
1584864933
1568624870
1584864784
1584864854
1584864713
1584864533
1584864929
1584864509
1584864868
1584864922
1584864578
1584864765
1584864666
1584864662
1584864960
1584864431
1584864946
1584864888
1584864789
1584864940
1584864921
1584864704
1584864602
1584864876
1584864496
1584864508
1584864967
1584864734
1584864813
1584864942
1584864842
1584864535
1584864769
1584864754
1584864568
1584864913
1584864889
1584864662
1584864536
1584864877
1584864968
1584864795
1584864971
1584864519
1584864951
1584864950
1584864755
1584864572
1584864747
1584864864
1584864801
1584864520
1584864863
1584864636
1584864710
1584864616
1584864742
1584864947
1584864910
1584864967
1584864926
1584864563
1584864666
1584864969
1584864748
1584864708
1584864772
1584864719
1584864660
1584864966
1584864752
1584864707
1584864817
1584864709
1584864560
1584864801
1584864803
1584864666
1584864644
1584864688
1584864884
1584864932
1584864876
1584864871
1584864932
1584864952
1584864522
1584864854
1584864931
1584864866
1584864770
1584864807
1584864863
1584864969
1584864749
1584864965
1584864509
1584864901
1584864969
1584864885
1584864918
1584864881
1584864875
1584864639
1584864589
1584864700
1584864452
1584864744
1584864920
1584864554
1584864686
1584864733
1584864674
1584864824
1584864439
1584864755
1572255980
1584864915
1584864757
1584864731
1584864813
1584864841
1584864586
1584864954
1584864509
1584864933
1584864900
1584864562
1584864834
1584864873
1584864377
1584864932
1584864867
1584864833
1584864614
1584864938
1584864582
1584864919
1584864739
1584864473
1584864705
1584864553
1584864759
1584864871
1584864788
1584864692
1584864945
1584864869
1584864896
1584864817
1584864954
1584864849
1584864635
1584864965
1584864557
1584864690
1584864782
1584864623
1584864829
1584864647
1584864623
1584864904
1584864843
1584864866
1584864886
1584864937
1584864675
1584864840
1584864756
1584864537
1584864930
1584864899
1584864906
1584864727
1584864413
1584864502
1584864387
1584864920
1584864684
1584864500
1584864955
1584864951
1584864792
1584864926
1584864713
1584864927
1584864533
1584864904
1584864759
1584864383
1584864903
1584864719
1584864669
1584864709
1584864933
1584864821
1584864750
1584864911
1584864843
1582976815
1584864625
1584864469
1584864828
1584864907
1584864490
1584864749
1584864406
1584864843
1584864851
1584864707
1584864958
1584864568
1584864746
1584864756
1584864725
1584864650
1584864512
1584864866
1584864866
1584864969
1584864815
1584864459
1584864966
1584864776
1584864879
1584864788
1584864961
1584864887
1584864566
1584864897
1584864449
1584864591
1584864898
1584864779
1584864548
1584864933
1584864470
1584864919
1584864480
1584864948
1584864681
1584864745
1584864426
1584864510
1584864768
1584864560
1584864847
1584864461
1584864529
1584864962
1584864472
1584864671
1553161721
1584864958
1584864815
1584864697
1584864677
1584864893
1584864930
1584864744
1584864798
1584864969
1584864970
1584864739
1584864739
1584864958
1584864967
1584864921
1584864903
1584864425
1584864547
1584864481
1584864742
1584864082
1584864955
1570696474
1584864853
1584864857
1584864956
1584864965
1584864945
1584864383
1584864963
1584864547
1584864769
1584864834
1584864928
1584864671
1584864513
1584864882
1584864459
1584864715
1584864858
1584864870
1584864711
1584864552
1584864765
1584864824
1584864796
1584864932
1584864935
1583099597
1584864955
1584864723
1584864704
1584864649
1584864546
1584864633
1584864970
1584864945
1584864797
1584864590
1584864811
1584864728
1584864868
1584864750
1584864966
1584864919
1584864753
1584864649
1584864885
1584864939
1584864698
1584864433
1584864922
1553092772
1584864816
1584864430
1558430180
1584864803
1584864798
1584864934
1584864879
1584864827
1584864884
1584864930
1584864795
1584864963
1584864835
1584864465
1584864780
1584321982
1584864663
1584864917
1584864952
1584864699
1584864823
1584864651
1584864903
1584864699
1584864826
1584864913
1584864686
1584864518
1584864812
1584864962
1584864923
1584864439
1584864908
1584864854
1570696804
1584864956
1583200973
1584864917
1584864443
1584864728
1570697841
1584864969
1584864600
1584864787
1584864777
1584864846
1584864869
1584864883
1584864840
1584864860
1584864812
1584864912
1584864738
1584864829
1584864920
1584864661
1584864940
1584864579
1584864664
1584864911
1584864848
1584864451
1584864936
1584864926
1584864625
1584864656
1584864675
1584864490
1584864960
1584864881
1584864924
1584864657
1584864925
1584864751
1584864719
1584864869
1584864865
1584864916
1584864471
1584864850
1584864641
1584864897
1584864633
1584864614
1584864964
1584864881
1584864960
1584864704
1584864963
1584864791
1584864859
1584864851
1584864808
1584864854
1584864745
1584864899
1584864944
1584864517
1584864696
1584864398
1584864951
1584864895
1584864952
1584864675
1584864917
1584864950
1570697248
1584864758
1584864824
1584864932
1584864849
1584864584
1584864521
1584864916
1584864967
1584864952
1570698862
1584864950
1584864726
1584864954
1584864952
1584864842
1584864427
1584864863
1584864724
1584864880
1584864967
1584864948
1584864943
1584864898
1584864862
1584864562
1584864807
1584864779
1584864962
1584864923
1584864750
1584864754
1584864652
1584864925
1584864740
1584864968
1584864738
1584864951
1584864900
1553162773
1584864704
1584864931
1584864804
1584864725
1584864886
1584864889
1584864847
1584864704
1584864485
1584864701
1584864659
1584864753
1584864634
1584864776
1584864970
1584864961
1584864966
1584864528
1584864839
1584864888
1584864474
1584864826
1584864848
1584864626
1584864918
1584864963
1556786265
1584864815
1583224717
1584864850
1584864965
1584864933
1584864720
1584864812
1584864831
1584864689
1584864962
1584864742
1584864437
1584864855
1584864852
1584864865
1584864647
1584864613
1584864727
1584864781
1584864909
1584864529
1584864894
1584864840
1584864846
1584864941
1584864382
1584864958
1584864963
1584864965
1584864521
1584864958
1584864938
1584864933
1584864907
1584864765
1584864799
1584864810
1584864761
1584864902
1584864835
1584864732
1584864934
1584864934
1584864924
1584864823
1584864813
1584864918
1584864966
1584864847
1584864827
1584864664
1584864817
1584864484
1584864946
1584864909
1584864497
1584864820
1584864871
1584864829
1584864888
1584864774
1584864630
1584864929
1584864442
1584864921
1584864665
1584864665
1584864871
1584864782
1584864805
1584864472
1584864829
1584864855
1584864869
1584864880
1584864879
1584864845
1584864914
1584864560
1584864765
1584864738
1584864568
1584864968
1584864600
1584864566
1584864745
1584864959
1584864859
1584864416
1584864939
1584864774
1584864897
1584864810
1584864950
1584864835
1584864634
1584864926
1584864965
1570696709
1584864662
1584864909
1584864582
1584864936
1584864744
1584864643
1584864723
1584864930
1584864618
1584864739
1584864820
1584864892
1584864961
1584864825
1584864757
1584864857
1584864539
1584864783
1584864786
1584864965
1584864894
1584864724
1584864880
1584864927
1584864861
1584864496
1584864562
1584864566
1584864773
1584864586
1584864970
1584864883
1584864793
1584864538
1584864585
1584864886
1584864968
1584864837
1584864733
1584864919
1584864939
1584864966
1584864965
1584864860
1584864940
1584864943
1584864846
1584864940
1584864923
1584864525
1584864432
1584864816
1584864759
1584864907
1570697919
1584864900
1584864812
1584864934
1584864457
1584864923
1584864944
1584864699
1584864824
1584864841
1584864740
1584864807
1584864929
1584864497
1584864600
1584864924
1584864929
1584864967
1584864686
1584864803
1584864808
1584864477
1584864958
1584864894
1584864956
1584864692
1584864596
1584864704
1584864618
1584864595
1584864668
1584864851
1584864938
1584864971
1584864588
1584864570
1584864590
1584864774
1584864634
1584864938
1584864948
1584864748
1584864742
1584864836
1584864967
1584864887
1556785000
1584864929
1584864700
1584864516
1584864786
1584864920
1584864875
1584864826
1584864758
1584864382
1584864960
1584864670
1584864875
1584864874
1584864913
1584864739
1584864938
1584864366
1584864828
1584864698
1580808748
1584864893
1569390941
1584864785
1584864585
1584864673
1584864906
1584864931
1584864803
1584864473
1584864924
1584864720
1584864922
1584864577
1584864934
1584864806
1584864566
1584864949
1584864813
1584864866
1584864801
1584864954
1584864957
1584864968
1584864848
1584864927
1570697156
1584864404
1584864702
1584864827
1584864842
1584864726
1584864858
1584864970
1584864717
1584864836
1584864570
1584864675
1584864855
1584864706
1584864958
1584864830
1584864915
1584864505
1584864717
1584864952
1584864402
1584864942
1584864887
1584864901
1584864841
1584864672
1584864668
1584864490
1584864896
1584864750
1584864882
1584864416
1584864725
1584864936
1584864863
1584864948
1584864768
1584864912
1584864946
1584864803
1584864942
1584864852
1584864914
1584864435
1584864948
1584864900
1584864467
1584864672
1584864927
1563966721
1584864706
1584864765
1584864717
1584864438
1584864756
1584864669
1584864530
1584864745
1584864909
1584864927
1584864708
1584864076
1584864470
1584864647
1584864972
1584864637
1584864928
1584864655
1584864767
1584864822
1584864657
1584864378
1584864968
1575075680
1584864946
1584864738
1584864423
1584864851
1584864790
1584864865
1584864764
1584864892
1584864860
1584864781
1584864963
1584864570
1584864555
1584864926
1584864663
1584864751
1584864869
1584864885
1584864793
1584864884
1584864659
1584864755
1583492617
1584864805
1584864765
1584864378
1584864883
1584864865
1584864966
1584864785
1584864696
1584864575
1584864955
1584864762
1584864924
1584864950
1584864754
1584864903
1584864836
1584864757
1584864887
1584864662
1584864452
1584864875
1584864947
1584864605
1584864950
1584864685
1584864390
1584864854
1584864735
1584864560
1584864921
1584864779
1584864929
1584864666
1584864845
1584864913
1584864717
1584864772
1584864463
1584864813
1584864836
1584864965
1584864935
None
None
None
None
None
None
None
None
None
None
None
None
None
None
None
None
None
None
None
None
None
None
None
None
None
None
None
None
None
None
None
None
None
None
None
None
None
None
None
None
None
None
None
None
None
None
None
None
None
None
None
None
None
None
None
None
None
None
None
None
None
None
None
None
None
None
None
None
None
None
None
None
None
None
None
None
None
None
